( 5)   7   8  10  11  14  16
  2:   0   0   0   0   0   0
count: 0
---------------------------
( 7)   8  10  11  14  16
  2:   1   0   0   0   0
  5:   0   0   3   0   0
count: 4
---------------------------
( 8)  10  11  14  16
  2:   0   0   0   0
  5:   0   2   0   0
  7:   0   0   3   0
count: 5
---------------------------
(10)  11  14  16
  2:   1   0   0
  5:   0   2   0
  7:   0   0   3
  8:   0   0   3
count: 9
---------------------------
(11)  14  16
  2:   0   0
  5:   1   0
  7:   0   2
  8:   0   2
 10:   0   2
count: 7
---------------------------
(14)  16
  2:   0
  5:   1
  7:   1
  8:   1
 10:   1
 11:   1
count: 5
---------------------------
final count: 30